[基准]
SerialPort1 = 0
SerialPort2 = 1
SerialPort3 = 2
SerialPort4 = 3
SerialPort5 = 4
SouncCheckPath = C:\SoundCheck 15.0-x86\SoundCheck 15.0.exe
SeqPath = C:\SoundCheck 15.0-x86\Sequences\Loudspeakers\Complete test.sqc
IP = 127.0.0.1
IP_Port = 4444
VirtualPort = 6
LeftIn1 = 10
LeftIn2 = 23
LeftIn3 = 22
LeftIn4 = 7
LeftOut1 = 4
LeftOut2 = 17
LeftOut3 = 9
LeftOut4 = 11
RightIn1 = 13
RightIn2 = 14
RightIn3 = 15
RightIn4 = 16
RightOut1 = 18
RightOut2 = 19
RightOut3 = 20
RightOut4 = 21
SwtichCmd1 = CMD1
SwitchCmd2 = CMD2
SwitchCmd3 = CMD3
SwitchCmd4 = CMD4
SoundCheckConfigFileName = SoundCheck 15.0.ini
BtConnectCmd = AutoConnect
BtResponseCmd = CONNECTED
SouncCheckStatus = 0
comboCurve1 = -1
comboCurve2 = -1
comboCurve3 = -1
comboCurve4 = -1
comboCurve5 = -1
comboCurve6 = -1
CurveJudge1 = "0"
CurveLowLimit1 = 1
CurveHighLimit1 = 2
CurveJudge2 = 1
CurveLowLimit2 = 1
CurveHighLimit2 = 2
CurveJudge3 = 1
CurveLowLimit3 = 6
CurveHighLimit3 = 7
CurveJudge4 = 1
CurveLowLimit4 = 8
CurveHighLimit4 = 9
CurveJudge5 = 1
CurveLowLimit5 = 1
CurveHighLimit5 = 2
CurveJudge6 = 1
CurveLowLimit6 = 1
CurveHighLimit6 = 2
curvePath = E:\GitHub\SoundCheckControl\bin\x86\Release\测试产品\产品1\curve.csv
curveSelectedIndex = 0
CurveMinX1 = "1.00000,2.00000,3.00000,4.00000,5.00000,6.00000,7.00000,8.00000,9.00000,10.00000\0D\0A"
CurveMinY1 = "1.00000,2.00000,3.00000,4.00000,5.00000,6.00000,7.00000,8.00000,9.00000,10.00000\0D\0A"
CurveMaxX1 = "1.00000,2.00000,3.00000,4.00000,0.00000,0.00000,0.00000,0.00000,0.00000,0.00000,0.00000,0.00000,0.00000,0.00000,0.00000,0.00000,0.00000,0.00000,0.00000,0.00000,0.00000,0.00000,0.00000,0.00000,0.00000,0.00000,0.00000,0.00000,0.00000,0.00000,0.00000,0.00000,0.00000,0.00000,0.00000,0.00000,0.00000,0.00000,0.00000,0.00000,0.00000,0.00000,0.00000,0.00000,0.00000,0.00000,0.00000,0.00000,0.00000,0.00000,0.00000,0.00000,0.00000,0.00000,0.00000,0.00000,0.00000,0.00000,0.00000,0.00000,0.00000,0.00000,0.00000,0.00000,0.00000,0.00000,0.00000,0.00000,0.00000,0.00000,0.00000,0.00000,0.00000,0.00000,0.00000,0.00000,0.00000,0.00000,0.00000,0.00000,0.00000,0.00000,0.00000,0.00000,0.00000,0.00000,0.00000,0.00000,0.00000,0.00000,0.00000,0.00000,0.00000,0.00000,0.00000,0.00000,0.00000,0.00000,10.00000,9.00000\0D\0A"
CurveMaxY1 = "1.00000,2.00000,3.00000,4.00000,0.00000,0.00000,0.00000,0.00000,0.00000,0.00000,0.00000,0.00000,0.00000,0.00000,0.00000,0.00000,0.00000,0.00000,0.00000,0.00000,0.00000,0.00000,0.00000,0.00000,0.00000,0.00000,0.00000,0.00000,0.00000,0.00000,0.00000,0.00000,0.00000,0.00000,0.00000,0.00000,0.00000,0.00000,0.00000,0.00000,0.00000,0.00000,0.00000,0.00000,0.00000,0.00000,0.00000,0.00000,0.00000,0.00000,0.00000,0.00000,0.00000,0.00000,0.00000,0.00000,0.00000,0.00000,0.00000,0.00000,0.00000,0.00000,0.00000,0.00000,0.00000,0.00000,0.00000,0.00000,0.00000,0.00000,0.00000,0.00000,0.00000,0.00000,0.00000,0.00000,0.00000,0.00000,0.00000,0.00000,0.00000,0.00000,0.00000,0.00000,0.00000,0.00000,0.00000,0.00000,0.00000,0.00000,0.00000,0.00000,0.00000,0.00000,0.00000,0.00000,0.00000,0.00000,10.00000,9.00000\0D\0A"